test1_identity
RMSE = 2.344126e-16
MaxAbs = 1.110223e-15
