test3_chunking
RMSE = 9.447265e-17
MaxAbs = 2.220446e-16
